%YAML:1.0
---
image_width: 3840
image_height: 2160
camera_matrix: !!opencv-matrix
   rows: 3
   cols: 3
   dt: d
   data: [ 2390.6680546301031, 0., 1897.6788116185535, 0.,
       2392.6493068958634, 1022.1483081624771, 0., 0., 1. ]
distortion_coefficients: !!opencv-matrix
   rows: 1
   cols: 5
   dt: d
   data: [ -0.3758960760593924, 0.15290648182282648,
       -0.00010335854684872468, -0.00010756433297342852,
       -0.030337717942969751 ]
rms_reprojection_error: 0.24566845230363818
pattern_rows: 5
pattern_cols: 10
pattern_center_spacing_mm: 50.
