%YAML:1.0
---
image_width: 3840
image_height: 2160
camera_matrix: !!opencv-matrix
   rows: 3
   cols: 3
   dt: d
   data: [ 2320.5032285648404, 0., 1887.6330963693583, 0.,
       2322.5759019246493, 1022.8785192392894, 0., 0., 1. ]
distortion_coefficients: !!opencv-matrix
   rows: 1
   cols: 5
   dt: d
   data: [ -0.38054559025886864, 0.16694435154531703,
       0.00044602442281800928, 0.00033038227698105712,
       -0.03808738156215908 ]
rms_reprojection_error: 0.20108318594798782
pattern_rows: 5
pattern_cols: 10
pattern_center_spacing_mm: 50.
