%YAML:1.0
---
image_width: 3840
image_height: 2160
camera_matrix: !!opencv-matrix
   rows: 3
   cols: 3
   dt: d
   data: [ 2322.97705431745, 0., 1965.8545174503467, 0.,
       2329.5088178986289, 1044.7730315908732, 0., 0., 1. ]
distortion_coefficients: !!opencv-matrix
   rows: 1
   cols: 5
   dt: d
   data: [ -0.37206785661458458, 0.15398660965599459,
       -0.00032315801456196176, -0.0014758803379119122,
       -0.032164580577597322 ]
rms_reprojection_error: 0.34056077405150265
pattern_rows: 5
pattern_cols: 10
pattern_center_spacing_mm: 50.
